4.08034	1	16	4.07794	1	16	3.29496	1	12	0	0	0	0.00503313	0.00481	0.00530333	0.00503292	0.00485333	0.00523333	0.00901479	0.00842333	0.00938667	0.00901458	0.00845333	0.00953333	1.79109	1.79113	4.28126	
4.09905	1	16	4.09308	1	16	3.29025	1	13	0	0	0	0.0100071	0.00965667	0.0101967	0.0100069	0.00964667	0.01039	0.0181071	0.0176567	0.0190767	0.0181071	0.01748	0.01876	1.80943	1.80946	4.27106	
4.11352	1	18	4.10634	1	18	3.31865	1	16	0	0	0	0.0149985	0.0147133	0.0155233	0.0149983	0.0148167	0.01522	0.0269394	0.0256067	0.0280867	0.0269392	0.02633	0.0278433	1.79613	1.79614	4.29264	
4.13104	1	18	4.11948	1	18	3.32866	1	18	0	0	0	0.019986	0.01961	0.02052	0.0199858	0.01966	0.0203033	0.0358335	0.03493	0.03684	0.0358333	0.0350033	0.03669	1.79293	1.79294	4.30422	
4.15363	1	20	4.13932	1	20	3.35051	1	16	0	0	0	0.0249837	0.0244333	0.0254267	0.024984	0.0247	0.0254733	0.0448033	0.0432067	0.0459867	0.0448044	0.0433767	0.04618	1.7933	1.79333	4.31726	
4.17555	1	21	4.15844	1	21	3.35518	1	18	0	0	0	0.0300242	0.0295467	0.03048	0.030024	0.0292733	0.0305967	0.0540175	0.05332	0.0554333	0.0540173	0.05254	0.0554367	1.79913	1.79914	4.32297	
4.21434	1	20	4.19424	1	20	3.38869	1	18	0	0	0	0.0350258	0.03456	0.0356267	0.0350254	0.0344667	0.0356367	0.0631567	0.0616533	0.06481	0.0631562	0.06177	0.0643333	1.80315	1.80315	4.34909	
4.24099	1	26	4.21571	1	26	3.41439	1	26	0	0	0	0.0400277	0.03946	0.04073	0.0400277	0.03949	0.0405033	0.0721635	0.0709767	0.07374	0.0721642	0.07009	0.0736167	1.80284	1.80286	4.36185	
4.26166	1	22	4.233	1	22	3.43251	1	22	0	0	0	0.0450169	0.0439567	0.0456967	0.0450173	0.0445133	0.0458567	0.0811485	0.0793167	0.08211	0.0811494	0.0791133	0.0825967	1.80262	1.80263	4.37467	
4.29219	1	25	4.25717	1	23	3.457	1	22	0	0	0	0.0499998	0.0493	0.0506933	0.0499998	0.0491	0.0508833	0.0900577	0.0887133	0.0915567	0.0900581	0.0884933	0.0920333	1.80116	1.80117	4.39298	
4.32353	1	27	4.28336	1	23	3.48191	1	20	0	0	0	0.0550015	0.05412	0.0556867	0.0550015	0.05423	0.05599	0.0989573	0.0961867	0.101667	0.0989569	0.0973667	0.10109	1.79918	1.79917	4.41294	
4.34942	1	24	4.3043	1	22	3.51315	1	20	0	0	0	0.0599671	0.0591933	0.0606667	0.0599675	0.0593167	0.0608333	0.107884	0.10628	0.110047	0.107884	0.10633	0.110247	1.79905	1.79904	4.42626	
4.37911	1	26	4.32735	1	26	3.54015	1	22	0	0	0	0.0650215	0.0644433	0.06613	0.0650213	0.0643067	0.06615	0.116787	0.114973	0.119243	0.116787	0.114763	0.11975	1.79613	1.79614	4.44591	
4.4099	1	24	4.35321	1	24	3.55395	1	24	0	0	0	0.0699785	0.0688767	0.0706767	0.0699788	0.0693367	0.07104	0.125762	0.123223	0.12785	0.125762	0.123577	0.129007	1.79715	1.79715	4.46247	
4.44675	1	28	4.38217	1	28	3.58842	1	28	0	0	0	0.0749754	0.0739667	0.0760933	0.0749752	0.0743267	0.0759933	0.134679	0.132943	0.137253	0.134678	0.132207	0.137433	1.79631	1.7963	4.48379	
4.48086	1	29	4.40826	1	25	3.61367	1	23	0	0	0	0.0799906	0.0789433	0.0806033	0.079991	0.0792	0.0808833	0.143754	0.1418	0.145303	0.143754	0.14093	0.14601	1.79713	1.79713	4.50189	
4.51648	1	29	4.43347	1	26	3.6342	1	22	0	0	0	0.0850135	0.0841767	0.08594	0.0850129	0.0843733	0.0859067	0.152908	0.15066	0.154753	0.152906	0.15048	0.154637	1.79864	1.79862	4.51692	
4.55573	1	28	4.46472	1	28	3.67073	1	28	0	0	0	0.0900248	0.0892033	0.09142	0.0900256	0.0891133	0.09116	0.16201	0.159603	0.16706	0.162011	0.15898	0.16389	1.79961	1.79961	4.53352	
4.59565	1	33	4.4945	1	25	3.70139	1	24	0	0	0	0.0950098	0.0942767	0.09608	0.0950104	0.0940267	0.0964067	0.170997	0.16884	0.173027	0.170998	0.16776	0.173433	1.79979	1.79979	4.55595	
4.634	1	34	4.52699	1	34	3.72148	1	34	0	0	0	0.100001	0.0992933	0.10096	0.100001	0.09872	0.10145	0.180058	0.177937	0.182947	0.18006	0.17672	0.18333	1.80056	1.80058	4.57708	
4.67995	1	35	4.56073	1	28	3.7673	1	25	0	0	0	0.105056	0.104367	0.105867	0.105056	0.103987	0.106647	0.189182	0.1872	0.191547	0.189183	0.186237	0.192593	1.80077	1.80078	4.60172	
4.71624	1	30	4.58569	1	30	3.78562	1	29	0	0	0	0.110075	0.108663	0.11093	0.110076	0.10925	0.11175	0.198212	0.19493	0.200707	0.198214	0.196167	0.202417	1.80071	1.80069	4.61737	
4.76771	1	36	4.62053	1	29	3.82649	1	29	0	0	0	0.115057	0.113993	0.11592	0.115057	0.113957	0.11677	0.207168	0.20457	0.210507	0.207166	0.204103	0.21237	1.80056	1.80056	4.64018	
4.82271	1	35	4.65562	1	33	3.86069	1	29	0	0	0	0.120091	0.11929	0.121323	0.120092	0.119157	0.122063	0.216163	0.21313	0.21876	0.216167	0.213493	0.221263	1.8	1.80002	4.66503	
4.86045	1	34	4.68527	1	34	3.88828	1	30	0	0	0	0.125085	0.12432	0.126297	0.125084	0.123813	0.126907	0.22529	0.223193	0.229163	0.225286	0.222693	0.230323	1.80109	1.80108	4.68013	
4.91197	1	42	4.71894	1	38	3.9275	1	34	0	0	0	0.130036	0.12924	0.131267	0.130035	0.128733	0.131543	0.23412	0.231557	0.23707	0.234122	0.231667	0.238677	1.80043	1.80045	4.70295	
4.96172	1	37	4.74897	1	32	3.95187	1	28	0	0	0	0.135046	0.134093	0.136103	0.135047	0.13397	0.136863	0.243109	0.241307	0.245997	0.243109	0.241153	0.248143	1.80019	1.80018	4.72259	
5.01924	1	36	4.78529	1	31	3.99257	1	30	0	0	0	0.140089	0.13944	0.141097	0.140088	0.13869	0.142097	0.252135	0.24934	0.25455	0.252134	0.250053	0.257657	1.79982	1.79982	4.74612	
5.09367	1	42	4.83343	1	36	4.03695	1	33	0	0	0	0.145101	0.143857	0.14625	0.1451	0.143963	0.14687	0.261322	0.259377	0.263003	0.261323	0.259283	0.266137	1.80097	1.80098	4.77869	
5.13906	1	41	4.86206	1	35	4.0643	1	35	0	0	0	0.150073	0.148857	0.15121	0.150072	0.14875	0.15162	0.270177	0.26602	0.273463	0.270174	0.267657	0.274967	1.80031	1.8003	4.79448	
5.21188	1	46	4.89678	1	38	4.10395	1	34	0	0	0	0.155095	0.153963	0.155983	0.155094	0.153553	0.156497	0.279321	0.275037	0.28224	0.279321	0.276473	0.284243	1.80096	1.80097	4.81276	
5.2808	1	44	4.93732	1	39	4.14001	1	39	0	0	0	0.160132	0.159087	0.161083	0.160131	0.158517	0.161477	0.288289	0.285193	0.291183	0.288289	0.285423	0.292897	1.80032	1.80034	4.8382	
5.36541	1	48	4.98816	1	34	4.19183	1	33	0	0	0	0.165183	0.164203	0.166453	0.165183	0.163547	0.16656	0.297368	0.293813	0.300543	0.29737	0.294467	0.301827	1.80023	1.80024	4.87336	
5.43069	1	43	5.02203	1	40	4.22624	1	36	0	0	0	0.170181	0.169017	0.171337	0.17018	0.16874	0.171797	0.306336	0.302677	0.31067	0.306335	0.303207	0.31105	1.80006	1.80006	4.89225	
5.50891	1	65	5.06137	1	37	4.26793	1	37	0	0	0	0.175217	0.174117	0.176273	0.175216	0.173847	0.17675	0.315385	0.312637	0.31849	0.315383	0.312303	0.319443	1.79997	1.79997	4.91515	
5.61035	1	51	5.10809	1	43	4.31373	1	43	0	0	0	0.18028	0.178787	0.181217	0.18028	0.179097	0.181567	0.324327	0.32116	0.326523	0.324326	0.3207	0.328403	1.79901	1.79901	4.94326	
