8.85124	1	101	5.67374	1	51	4.86779	1	51	0	0	0	0.24003	0.238893	0.242187	0.240035	0.238273	0.241727	0.43155	0.427747	0.436627	0.431557	0.4271	0.43453	1.7979	1.79789	5.23267	
7.43885	1	84	5.7005	1	46	4.91755	1	46	0	0	0	0.24003	0.238893	0.242187	0.240031	0.23827	0.241723	0.43155	0.427747	0.436627	0.431552	0.427083	0.43452	1.7979	1.79791	5.24839	
7.41262	1	110	5.69748	1	53	4.91668	1	53	0	0	0	0.24003	0.238893	0.242187	0.24003	0.238267	0.241727	0.43155	0.427747	0.436627	0.431552	0.42708	0.434523	1.7979	1.79791	5.24904	
7.41569	1	110	5.69778	1	53	4.91749	1	53	0	0	0	0.24003	0.238893	0.242187	0.24003	0.238267	0.241727	0.43155	0.427747	0.436627	0.431552	0.42708	0.434523	1.7979	1.79791	5.24923	
7.41569	1	110	5.69778	1	53	4.91749	1	53	0	0	0	0.24003	0.238893	0.242187	0.24003	0.238267	0.241727	0.43155	0.427747	0.436627	0.431552	0.42708	0.434523	1.7979	1.79791	5.24923	
7.41569	1	110	5.69778	1	53	4.91749	1	53	0	0	0	0.24003	0.238893	0.242187	0.24003	0.238267	0.241727	0.43155	0.427747	0.436627	0.431552	0.42708	0.434523	1.7979	1.79791	5.24923	
7.41569	1	110	5.69778	1	53	4.91749	1	53	0	0	0	0.24003	0.238893	0.242187	0.24003	0.238267	0.241727	0.43155	0.427747	0.436627	0.431552	0.42708	0.434523	1.7979	1.79791	5.24923	
7.41569	1	110	5.69778	1	53	4.91749	1	53	0	0	0	0.24003	0.238893	0.242187	0.24003	0.238267	0.241727	0.43155	0.427747	0.436627	0.431552	0.42708	0.434523	1.7979	1.79791	5.24923	
7.41569	1	110	5.69778	1	53	4.91749	1	53	0	0	0	0.24003	0.238893	0.242187	0.24003	0.238267	0.241727	0.43155	0.427747	0.436627	0.431552	0.42708	0.434523	1.7979	1.79791	5.24923	
7.41569	1	110	5.69778	1	53	4.91749	1	53	0	0	0	0.24003	0.238893	0.242187	0.24003	0.238267	0.241727	0.43155	0.427747	0.436627	0.431552	0.42708	0.434523	1.7979	1.79791	5.24923	
14041.5	1	145472	10.9715	1	139	10.1074	1	135	0	0	0	0.239966	0.238811	0.240996	0.235235	0.233756	0.236713	0.432004	0.429507	0.434551	0.423499	0.418836	0.42797	1.80027	1.80032	9.97528	
3091.74	1	50116	11.1117	1	136	10.298	1	136	0	0	0	0.239966	0.238811	0.240996	0.238838	0.237516	0.240426	0.432004	0.429507	0.434551	0.430002	0.425503	0.434461	1.80027	1.80039	10.0329	
2435.78	1	44628	11.1223	1	132	10.3116	1	132	0	0	0	0.239966	0.238811	0.240996	0.239031	0.237707	0.240637	0.432004	0.429507	0.434551	0.430347	0.425856	0.434749	1.80027	1.80038	10.0368	
8.85124	1	101	5.67374	1	51	4.86779	1	51	0	0	0	0.24003	0.238893	0.242187	0.240035	0.238273	0.241727	0.43155	0.427747	0.436627	0.431557	0.4271	0.43453	1.7979	1.79789	5.23267	
7.43885	1	84	5.7005	1	46	4.91755	1	46	0	0	0	0.24003	0.238893	0.242187	0.240031	0.23827	0.241723	0.43155	0.427747	0.436627	0.431552	0.427083	0.43452	1.7979	1.79791	5.24839	
7.41262	1	110	5.69748	1	53	4.91668	1	53	0	0	0	0.24003	0.238893	0.242187	0.24003	0.238267	0.241727	0.43155	0.427747	0.436627	0.431552	0.42708	0.434523	1.7979	1.79791	5.24904	
7.41569	1	110	5.69778	1	53	4.91749	1	53	0	0	0	0.24003	0.238893	0.242187	0.24003	0.238267	0.241727	0.43155	0.427747	0.436627	0.431552	0.42708	0.434523	1.7979	1.79791	5.24923	
7.41569	1	110	5.69778	1	53	4.91749	1	53	0	0	0	0.24003	0.238893	0.242187	0.24003	0.238267	0.241727	0.43155	0.427747	0.436627	0.431552	0.42708	0.434523	1.7979	1.79791	5.24923	
7.41569	1	110	5.69778	1	53	4.91749	1	53	0	0	0	0.24003	0.238893	0.242187	0.24003	0.238267	0.241727	0.43155	0.427747	0.436627	0.431552	0.42708	0.434523	1.7979	1.79791	5.24923	
7.41569	1	110	5.69778	1	53	4.91749	1	53	0	0	0	0.24003	0.238893	0.242187	0.24003	0.238267	0.241727	0.43155	0.427747	0.436627	0.431552	0.42708	0.434523	1.7979	1.79791	5.24923	
7.41569	1	110	5.69778	1	53	4.91749	1	53	0	0	0	0.24003	0.238893	0.242187	0.24003	0.238267	0.241727	0.43155	0.427747	0.436627	0.431552	0.42708	0.434523	1.7979	1.79791	5.24923	
7.41569	1	110	5.69778	1	53	4.91749	1	53	0	0	0	0.24003	0.238893	0.242187	0.24003	0.238267	0.241727	0.43155	0.427747	0.436627	0.431552	0.42708	0.434523	1.7979	1.79791	5.24923	
7.41569	1	110	5.69778	1	53	4.91749	1	53	0	0	0	0.24003	0.238893	0.242187	0.24003	0.238267	0.241727	0.43155	0.427747	0.436627	0.431552	0.42708	0.434523	1.7979	1.79791	5.24923	
9431.71	1	67845	10.811	1	158	10.068	1	158	0	0	0	0.239878	0.238961	0.241047	0.236863	0.235517	0.237841	0.431294	0.428599	0.43427	0.425885	0.423246	0.428354	1.79797	1.79803	8.26707	
7.43885	1	84	5.7005	1	46	4.91755	1	46	0	0	0	0.24003	0.238893	0.242187	0.240031	0.23827	0.241723	0.43155	0.427747	0.436627	0.431552	0.427083	0.43452	1.7979	1.79791	5.24839	
6.91448	1	81	5.41789	1	37	4.62891	1	33	0	0	0	0.24003	0.238893	0.242187	0.240032	0.238267	0.241727	0.43155	0.427747	0.436627	0.431555	0.42708	0.434527	1.7979	1.7979	5.0317	
6.89207	1	77	5.40635	1	32	4.61705	1	29	0	0	0	0.24003	0.238893	0.242187	0.240033	0.238267	0.241727	0.43155	0.427747	0.436627	0.431555	0.42708	0.434527	1.7979	1.7979	5.02291	
6.89371	1	77	5.40634	1	32	4.61706	1	29	0	0	0	0.24003	0.238893	0.242187	0.240033	0.238267	0.241727	0.43155	0.427747	0.436627	0.431555	0.42708	0.434527	1.7979	1.7979	5.02292	
6.89371	1	77	5.40634	1	32	4.61706	1	29	0	0	0	0.24003	0.238893	0.242187	0.240033	0.238267	0.241727	0.43155	0.427747	0.436627	0.431555	0.42708	0.434527	1.7979	1.7979	5.02292	
6.89371	1	77	5.40634	1	32	4.61706	1	29	0	0	0	0.24003	0.238893	0.242187	0.240033	0.238267	0.241727	0.43155	0.427747	0.436627	0.431555	0.42708	0.434527	1.7979	1.7979	5.02292	
6.89371	1	77	5.40634	1	32	4.61706	1	29	0	0	0	0.24003	0.238893	0.242187	0.240033	0.238267	0.241727	0.43155	0.427747	0.436627	0.431555	0.42708	0.434527	1.7979	1.7979	5.02292	
6.89371	1	77	5.40634	1	32	4.61706	1	29	0	0	0	0.24003	0.238893	0.242187	0.240033	0.238267	0.241727	0.43155	0.427747	0.436627	0.431555	0.42708	0.434527	1.7979	1.7979	5.02292	
6.89371	1	77	5.40634	1	32	4.61706	1	29	0	0	0	0.24003	0.238893	0.242187	0.240033	0.238267	0.241727	0.43155	0.427747	0.436627	0.431555	0.42708	0.434527	1.7979	1.7979	5.02292	
7.43885	1	84	5.7005	1	46	4.91755	1	46	0	0	0	0.24003	0.238893	0.242187	0.240031	0.23827	0.241723	0.43155	0.427747	0.436627	0.431552	0.427083	0.43452	1.7979	1.79791	5.24839	
7.43885	1	84	5.7005	1	46	4.91755	1	46	0	0	0	0.24003	0.238893	0.242187	0.240031	0.23827	0.241723	0.43155	0.427747	0.436627	0.431552	0.427083	0.43452	1.7979	1.79791	5.24839	
7.43885	1	84	5.7005	1	46	4.91755	1	46	0	0	0	0.24003	0.238893	0.242187	0.240031	0.23827	0.241723	0.43155	0.427747	0.436627	0.431552	0.427083	0.43452	1.7979	1.79791	5.24839	
7.43885	1	84	5.7005	1	46	4.91755	1	46	0	0	0	0.24003	0.238893	0.242187	0.240031	0.23827	0.241723	0.43155	0.427747	0.436627	0.431552	0.427083	0.43452	1.7979	1.79791	5.24839	
7.43885	1	84	5.7005	1	46	4.91755	1	46	0	0	0	0.24003	0.238893	0.242187	0.240031	0.23827	0.241723	0.43155	0.427747	0.436627	0.431552	0.427083	0.43452	1.7979	1.79791	5.24839	
7.43885	1	84	5.7005	1	46	4.91755	1	46	0	0	0	0.24003	0.238893	0.242187	0.240031	0.23827	0.241723	0.43155	0.427747	0.436627	0.431552	0.427083	0.43452	1.7979	1.79791	5.24839	
7.43885	1	84	5.7005	1	46	4.91755	1	46	0	0	0	0.24003	0.238893	0.242187	0.240031	0.23827	0.241723	0.43155	0.427747	0.436627	0.431552	0.427083	0.43452	1.7979	1.79791	5.24839	
7.43885	1	84	5.7005	1	46	4.91755	1	46	0	0	0	0.24003	0.238893	0.242187	0.240031	0.23827	0.241723	0.43155	0.427747	0.436627	0.431552	0.427083	0.43452	1.7979	1.79791	5.24839	
7.43885	1	84	5.7005	1	46	4.91755	1	46	0	0	0	0.24003	0.238893	0.242187	0.240031	0.23827	0.241723	0.43155	0.427747	0.436627	0.431552	0.427083	0.43452	1.7979	1.79791	5.24839	
7.43885	1	84	5.7005	1	46	4.91755	1	46	0	0	0	0.24003	0.238893	0.242187	0.240031	0.23827	0.241723	0.43155	0.427747	0.436627	0.431552	0.427083	0.43452	1.7979	1.79791	5.24839	
7.43885	1	84	5.7005	1	46	4.91755	1	46	0	0	0	0.24003	0.238893	0.242187	0.240031	0.23827	0.241723	0.43155	0.427747	0.436627	0.431552	0.427083	0.43452	1.7979	1.79791	5.24839	
4.81376	1	34	4.48049	1	31	4.08027	1	31	0	0	0	0.24003	0.238677	0.241157	0.240029	0.238267	0.241723	0.33579	0.33439	0.33769	0.335789	0.332673	0.338023	1.39895	1.39895	4.94011	
5.77507	1	60	5.02437	1	36	4.42833	1	36	0	0	0	0.24003	0.238583	0.24228	0.24003	0.23827	0.241723	0.38367	0.381213	0.386573	0.383671	0.37988	0.386173	1.59842	1.59843	5.09313	
7.43885	1	84	5.7005	1	46	4.91755	1	46	0	0	0	0.24003	0.238893	0.242187	0.240031	0.23827	0.241723	0.43155	0.427747	0.436627	0.431552	0.427083	0.43452	1.7979	1.79791	5.24839	
11.1196	1	138	6.56491	1	63	5.58138	1	59	0	0	0	0.24003	0.23885	0.240937	0.240033	0.238273	0.241727	0.47943	0.475447	0.481597	0.479437	0.474187	0.483053	1.99737	1.99738	5.40625	
24.4289	1	390	7.74107	1	87	6.58419	1	87	0	0	0	0.239924	0.238732	0.24085	0.239922	0.238305	0.241498	0.527129	0.523898	0.531725	0.527127	0.522848	0.530698	2.19707	2.19708	5.55998	
13567.8	1	101623	9.17503	1	105	7.75169	1	98	0	0	0	0.239877	0.239143	0.240667	0.235386	0.234103	0.236239	0.574853	0.569397	0.577763	0.564252	0.56035	0.567827	2.39645	2.39713	5.6691	
55878.2	1	304091	10.4971	1	152	8.60834	1	144	0	0	0	0.239877	0.239146	0.241017	0.223368	0.221983	0.224424	0.622706	0.620234	0.625754	0.57991	0.57598	0.583439	2.59594	2.59621	5.70936	
112334	9055	437844	11.4606	1	167	9.26693	1	172	0	0	0	0.239878	0.238893	0.240684	0.207189	0.205899	0.208203	0.670561	0.667483	0.673477	0.579154	0.575379	0.582706	2.79543	2.79529	5.72249	
