14041.5	1	145472	10.9715	1	139	10.1074	1	135	0	0	0	0.239966	0.238811	0.240996	0.235235	0.233756	0.236713	0.432004	0.429507	0.434551	0.423499	0.418836	0.42797	1.80027	1.80032	9.97528	
3091.74	1	50116	11.1117	1	136	10.298	1	136	0	0	0	0.239966	0.238811	0.240996	0.238838	0.237516	0.240426	0.432004	0.429507	0.434551	0.430002	0.425503	0.434461	1.80027	1.80039	10.0329	
2435.78	1	44628	11.1223	1	132	10.3116	1	132	0	0	0	0.239966	0.238811	0.240996	0.239031	0.237707	0.240637	0.432004	0.429507	0.434551	0.430347	0.425856	0.434749	1.80027	1.80038	10.0368	
2412.42	1	41248	11.1194	1	133	10.312	1	133	0	0	0	0.239966	0.238811	0.240996	0.239057	0.237707	0.240673	0.432004	0.429507	0.434551	0.430395	0.425913	0.434761	1.80027	1.80038	10.0348	
2473.76	1	44249	11.1172	1	128	10.3095	1	128	0	0	0	0.239966	0.238811	0.240996	0.239061	0.237714	0.240686	0.432004	0.429507	0.434551	0.430398	0.425863	0.43483	1.80027	1.80037	10.034	
2473.76	1	44249	11.1172	1	128	10.3095	1	128	0	0	0	0.239966	0.238811	0.240996	0.239061	0.237714	0.240686	0.432004	0.429507	0.434551	0.430398	0.425863	0.43483	1.80027	1.80037	10.034	
2473.76	1	44249	11.1172	1	128	10.3095	1	128	0	0	0	0.239966	0.238811	0.240996	0.239061	0.237714	0.240686	0.432004	0.429507	0.434551	0.430398	0.425863	0.43483	1.80027	1.80037	10.034	
2473.76	1	44249	11.1172	1	128	10.3095	1	128	0	0	0	0.239966	0.238811	0.240996	0.239061	0.237714	0.240686	0.432004	0.429507	0.434551	0.430398	0.425863	0.43483	1.80027	1.80037	10.034	
2473.76	1	44249	11.1172	1	128	10.3095	1	128	0	0	0	0.239966	0.238811	0.240996	0.239061	0.237714	0.240686	0.432004	0.429507	0.434551	0.430398	0.425863	0.43483	1.80027	1.80037	10.034	
2473.76	1	44249	11.1172	1	128	10.3095	1	128	0	0	0	0.239966	0.238811	0.240996	0.239061	0.237714	0.240686	0.432004	0.429507	0.434551	0.430398	0.425863	0.43483	1.80027	1.80037	10.034	
150854	1	607277	17.4186	1	372	16.1803	1	372	0	0	0	0.239966	0.238811	0.240996	0.198939	0.197856	0.200397	0.432004	0.429507	0.434551	0.358135	0.35547	0.362414	1.80027	1.80023	15.0891	
3091.74	1	50116	11.1117	1	136	10.298	1	136	0	0	0	0.239966	0.238811	0.240996	0.238838	0.237516	0.240426	0.432004	0.429507	0.434551	0.430002	0.425503	0.434461	1.80027	1.80039	10.0329	
55.5226	1	1517	10.4138	1	76	9.61343	1	73	0	0	0	0.240009	0.238995	0.240987	0.240008	0.238818	0.24166	0.432142	0.429443	0.435338	0.432142	0.42826	0.43742	1.80052	1.80053	9.48262	
49.6596	1	1380	10.3556	1	66	9.55585	1	66	0	0	0	0.240009	0.238995	0.240987	0.24001	0.238823	0.241663	0.432142	0.429443	0.435338	0.432146	0.428253	0.437453	1.80052	1.80053	9.43829	
47.6213	1	1435	10.3521	1	55	9.55154	1	53	0	0	0	0.240009	0.238995	0.240987	0.240006	0.238815	0.24166	0.432142	0.429443	0.435338	0.432138	0.428267	0.43743	1.80052	1.80053	9.43583	
51.0209	1	1731	10.3482	1	56	9.54912	1	52	0	0	0	0.240006	0.238937	0.241567	0.240009	0.238407	0.242163	0.432157	0.428505	0.43539	0.432164	0.427407	0.439692	1.80061	1.80061	9.43398	
51.0209	1	1731	10.3482	1	56	9.54912	1	52	0	0	0	0.240006	0.238937	0.241567	0.240009	0.238407	0.242163	0.432157	0.428505	0.43539	0.432164	0.427407	0.439692	1.80061	1.80061	9.43397	
51.0209	1	1731	10.3482	1	56	9.54912	1	52	0	0	0	0.240006	0.238937	0.241567	0.240009	0.238407	0.242163	0.432157	0.428505	0.43539	0.432164	0.427407	0.439692	1.80061	1.80061	9.43397	
51.0209	1	1731	10.3482	1	56	9.54912	1	52	0	0	0	0.240006	0.238937	0.241567	0.240009	0.238407	0.242163	0.432157	0.428505	0.43539	0.432164	0.427407	0.439692	1.80061	1.80061	9.43397	
51.0209	1	1731	10.3482	1	56	9.54912	1	52	0	0	0	0.240006	0.238937	0.241567	0.240009	0.238407	0.242163	0.432157	0.428505	0.43539	0.432164	0.427407	0.439692	1.80061	1.80061	9.43397	
3091.74	1	50116	11.1117	1	136	10.298	1	136	0	0	0	0.239966	0.238811	0.240996	0.238838	0.237516	0.240426	0.432004	0.429507	0.434551	0.430002	0.425503	0.434461	1.80027	1.80039	10.0329	
3091.74	1	50116	11.1117	1	136	10.298	1	136	0	0	0	0.239966	0.238811	0.240996	0.238838	0.237516	0.240426	0.432004	0.429507	0.434551	0.430002	0.425503	0.434461	1.80027	1.80039	10.0329	
3091.74	1	50116	11.1117	1	136	10.298	1	136	0	0	0	0.239966	0.238811	0.240996	0.238838	0.237516	0.240426	0.432004	0.429507	0.434551	0.430002	0.425503	0.434461	1.80027	1.80039	10.0329	
3091.74	1	50116	11.1117	1	136	10.298	1	136	0	0	0	0.239966	0.238811	0.240996	0.238838	0.237516	0.240426	0.432004	0.429507	0.434551	0.430002	0.425503	0.434461	1.80027	1.80039	10.0329	
3091.74	1	50116	11.1117	1	136	10.298	1	136	0	0	0	0.239966	0.238811	0.240996	0.238838	0.237516	0.240426	0.432004	0.429507	0.434551	0.430002	0.425503	0.434461	1.80027	1.80039	10.0329	
3091.74	1	50116	11.1117	1	136	10.298	1	136	0	0	0	0.239966	0.238811	0.240996	0.238838	0.237516	0.240426	0.432004	0.429507	0.434551	0.430002	0.425503	0.434461	1.80027	1.80039	10.0329	
3091.74	1	50116	11.1117	1	136	10.298	1	136	0	0	0	0.239966	0.238811	0.240996	0.238838	0.237516	0.240426	0.432004	0.429507	0.434551	0.430002	0.425503	0.434461	1.80027	1.80039	10.0329	
3091.74	1	50116	11.1117	1	136	10.298	1	136	0	0	0	0.239966	0.238811	0.240996	0.238838	0.237516	0.240426	0.432004	0.429507	0.434551	0.430002	0.425503	0.434461	1.80027	1.80039	10.0329	
3091.74	1	50116	11.1117	1	136	10.298	1	136	0	0	0	0.239966	0.238811	0.240996	0.238838	0.237516	0.240426	0.432004	0.429507	0.434551	0.430002	0.425503	0.434461	1.80027	1.80039	10.0329	
3091.74	1	50116	11.1117	1	136	10.298	1	136	0	0	0	0.239966	0.238811	0.240996	0.238838	0.237516	0.240426	0.432004	0.429507	0.434551	0.430002	0.425503	0.434461	1.80027	1.80039	10.0329	
3091.74	1	50116	11.1117	1	136	10.298	1	136	0	0	0	0.239966	0.238811	0.240996	0.238838	0.237516	0.240426	0.432004	0.429507	0.434551	0.430002	0.425503	0.434461	1.80027	1.80039	10.0329	
11.0042	1	106	9.162	1	74	8.76247	1	74	0	0	0	0.240018	0.238337	0.242107	0.240018	0.23842	0.242153	0.336015	0.333137	0.340187	0.336016	0.33283	0.341073	1.39996	1.39996	9.51895	
16.095	1	236	9.97919	1	91	9.37674	1	89	0	0	0	0.240018	0.238147	0.242213	0.240017	0.238423	0.242143	0.384013	0.380127	0.388823	0.384013	0.379737	0.390577	1.59993	1.59994	9.77779	
3091.74	1	50116	11.1117	1	136	10.298	1	136	0	0	0	0.239966	0.238811	0.240996	0.238838	0.237516	0.240426	0.432004	0.429507	0.434551	0.430002	0.425503	0.434461	1.80027	1.80039	10.0329	
44953.4	1	294943	12.1231	1	168	10.9745	1	168	0	0	0	0.239966	0.23862	0.240953	0.225997	0.224889	0.227609	0.480014	0.474726	0.484231	0.452098	0.447546	0.457496	2.00034	2.00046	10.1515	
108750	1	448751	13.0093	1	214	11.5308	1	214	0	0	0	0.239966	0.238884	0.241216	0.208613	0.207494	0.210316	0.528023	0.524493	0.532899	0.459042	0.455169	0.464967	2.20041	2.20045	10.1997	
182654	1	617643	13.81	1	224	12.0535	1	224	0	0	0	0.239966	0.238786	0.240991	0.190705	0.189623	0.192023	0.576033	0.572451	0.580286	0.457774	0.453637	0.463376	2.40047	2.40043	10.2177	
